0 0 -1044.92170726 0.00152193851876 0.054640871096
1 0 -1038.72508801 0.0063644155266 0.0432077321534
0 1 -1033.99501028 0.00152110157349 0.0546786960757
0 2 -1023.07215984 0.00150975319802 0.0548315043293
1 1 -1016.45973414 0.00636409565613 0.0432074018889
0 3 -1012.14811227 0.00150869811283 0.0548828512705
0 4 -1001.229004 0.00149850694897 0.0550315248626
1 2 -994.194143581 0.0063637120694 0.0432080086828
0 5 -990.307403515 0.00149724359365 0.0550958051825
0 6 -979.391152936 0.00148882109764 0.0552362070904
1 3 -971.928425135 0.00636334077415 0.0432092138426
0 7 -968.472118283 0.00148733268452 0.0553121966524
0 8 -957.558170733 0.00148105471875 0.0554409995465
1 4 -949.662624841 0.00636305493092 0.0432106019999
0 9 -946.641936404 0.00147933151628 0.055527005837
0 10 -935.729865496 0.00147538955345 0.0556413533003
1 5 -927.396753748 0.00636291755976 0.0432117489079
0 11 -924.81659049 0.00147339551239 0.0557352033691
0 12 -913.905906066 0.00147177590648 0.0558320516781
1 6 -905.130822312 0.0063629720052 0.0432122666236
0 13 -902.995459425 0.00146941173242 0.0559302851525
0 14 -892.085374824 0.00146997686913 0.0560070092795
1 7 -882.864875233 0.00636323185987 0.0432118374178
0 15 -881.177097642 0.00146719897168 0.056106012271
0 16 -870.266390118 0.00146953402725 0.0561588802232
1 8 -860.599027187 0.00636366585629 0.0432103305509
0 17 -859.358970678 0.0014660630236 0.0562524686259
0 18 -848.445802786 0.00146972881206 0.0562786638767
1 9 -838.333487561 0.00636418267198 0.0432078377505
0 19 -837.537114243 0.00146528838347 0.0563583823949
0 20 -826.619061361 0.00146967402522 0.0563559784848
1 10 -816.068576396 0.00636461109532 0.0432048517827
0 21 -815.706171199 0.0014638175526 0.0564096797583
0 22 -804.780349183 0.00146829088033 0.0563790613603
0 23 -793.859679295 0.00146026589065 0.0563912747525
1 11 -793.804721424 0.00636472124479 0.0432024976747
0 24 -782.923078086 0.00146462825575 0.0563364096458
0 25 -771.9907623 0.00145436667629 0.0562901157675
1 12 -771.542417019 0.00636430168729 0.0432018660717
0 26 -761.040784294 0.00145808142969 0.0562186242582
0 27 -750.093279677 0.00144539836999 0.0561025527859
1 13 -749.282126756 0.00636328860043 0.0432031510521
0 28 -739.12832942 0.00144876868112 0.0560214424278
0 29 -728.163196788 0.00143475099644 0.0558331629652
1 14 -727.024166851 0.0063617357273 0.0432063736693
0 30 -717.18309504 0.00143757369965 0.055747783972
0 31 -706.199583989 0.00142353344816 0.055494574639
1 15 -704.768620054 0.00635977622714 0.0432114325235
0 32 -695.20578346 0.00142600448861 0.055408261379
0 33 -684.205092651 0.00141347188444 0.0551038975052
1 16 -682.515299022 0.00635759281636 0.0432179861206
0 34 -673.200488287 0.00141569474018 0.0550190037356
0 35 -662.185595772 0.00140612064843 0.0546813601934
1 17 -660.263768906 0.00635537711864 0.0432255539087
0 36 -651.174129334 0.00140807548537 0.0545986733315
0 37 -640.149299549 0.00140250688707 0.0542462184737
1 18 -638.013411295 0.00635330684835 0.0432335302161
0 38 -629.13553701 0.00140420147381 0.0541661331905
0 39 -618.105796172 0.00140323733451 0.0538162948478
1 19 -615.76349623 0.0063515343377 0.0432412846904
0 40 -607.094513411 0.00140472368796 0.0537396097631
0 41 -596.065229959 0.00140854586965 0.0534093984919
1 20 -593.513246969 0.00635018411917 0.0432481778452
0 42 -585.060985882 0.00140984662763 0.0533368828888
0 43 -574.037497114 0.00141805934818 0.0530428384512
1 21 -571.261898417 0.00634934246067 0.0432536006821
0 44 -563.044186799 0.00141917338336 0.0529753610891
0 45 -552.031390389 0.00143062674908 0.0527325826356
1 22 -549.008763479 0.00634903587368 0.0432570542274
0 46 -541.051768466 0.00143152834551 0.052671083693
0 47 -530.05357856 0.00144426000256 0.0524907123961
1 23 -526.753316224 0.00634921043941 0.0432582591005
0 48 -519.08886602 0.00144493055396 0.0524363384352
0 49 -508.107623254 0.00145651601498 0.0523228453729
1 24 -504.495274807 0.00634972988583 0.0432572938164
0 50 -497.157370312 0.001456963243 0.0522770778368
0 51 -486.193471442 0.00146524291069 0.0522275817418
1 25 -482.234651881 0.00635040828476 0.0432546434456
0 52 -475.255767565 0.00146544576456 0.0521918529203
0 53 -464.307744642 0.0014691383161 0.0521976106257
1 26 -459.971735861 0.0063510585602 0.0432510670655
0 54 -453.379775903 0.00146910014119 0.0521733161199
0 55 -442.444815106 0.0014679761218 0.0522227164359
1 27 -437.707011048 0.00635153682754 0.0432473951713
0 56 -431.523485141 0.00146769426532 0.052211058404
0 57 -420.598177506 0.00146237401665 0.052292380548
1 28 -415.441046254 0.00635176209898 0.0432443376906
0 58 -409.680657655 0.00146186355116 0.052294297715
0 59 -398.761654473 0.00145341979417 0.0523973893961
1 29 -393.174392274 0.00635171509885 0.0432423646328
0 60 -387.845699888 0.00145268901568 0.0524133752105
0 61 -376.930159693 0.00144233103214 0.0525301645817
1 30 -370.907512322 0.00635142567491 0.0432416466283
0 62 -366.014247099 0.00144140139165 0.0525603795128
0 63 -355.100014555 0.00143026502216 0.0526847011789
1 31 -348.640750178 0.00635095712962 0.0432420688334
0 64 -344.183306194 0.00142914544394 0.0527287591514
0 65 -333.268928248 0.00141820692729 0.0528560048102
1 32 -326.374327513 0.00635039350919 0.0432433558915
0 66 -322.351129175 0.00141691101632 0.0529131958169
0 67 -311.435713629 0.00140696535958 0.0530397741911
1 33 -304.108362052 0.00634982654679 0.0432451188139
0 68 -300.516901513 0.00140548438933 0.0531088870317
0 69 -289.599952449 0.00139713468666 0.0532317653261
1 34 -281.842896278 0.00634934526631 0.043246916971
0 70 -278.680346404 0.00139545174697 0.0533111511035
0 71 -267.761536324 0.00138914070569 0.0534276354718
1 35 -259.577934134 0.00634902651018 0.0432483192503
0 72 -256.841302448 0.00138721930089 0.0535154165515
0 73 -245.920290869 0.00138319474006 0.0536223999411
1 36 -237.313471971 0.00634892600624 0.0432489599774
0 74 -234.999359877 0.00138092740529 0.0537156660707
0 75 -224.075587291 0.00137930385604 0.0538102418535
1 37 -215.049530294 0.00634906860755 0.0432485803003
0 76 -213.153461359 0.00137662314532 0.0539064121515
0 77 -202.226068731 0.00137722430103 0.0539841892637
1 38 -192.786177981 0.00634943936565 0.0432470422541
0 78 -191.30177929 0.00137382962193 0.0540785854492
0 79 -180.369479668 0.00137641917688 0.0541358766532
1 39 -170.523548146 0.00634997084606 0.0432444292166
0 80 -169.441477778 0.0013721224041 0.0542234089572
0 81 -158.502675555 0.00137606945543 0.054255707443
1 40 -148.261837821 0.00635053322667 0.0432410702932
0 82 -147.568983322 0.00137020455895 0.0543283923642
0 83 -136.621853943 0.00137507427497 0.0543330900425
0 84 -125.680175789 0.00136729698028 0.0543801570265
1 41 -126.00129199 0.0063509309683 0.0432376405529
0 85 -114.723037921 0.00137223918195 0.0543576070112
0 86 -103.771139266 0.00136149945792 0.0543672006134
1 42 -103.742169818 0.00635094090177 0.043235198663
0 87 -92.8027725126 0.00136647611321 0.0543204165019
0 88 -81.8388609462 0.00135283354536 0.0542801037631
1 43 -81.4846872126 0.00635040732175 0.0432345608771
0 89 -70.8589167568 0.00135710487005 0.0542160679798
0 90 -59.8820761963 0.00134023581274 0.0541193860901
1 44 -59.2289437821 0.00634927993836 0.0432357844357
0 91 -48.8913262087 0.00134409205373 0.0540439446432
0 92 -37.9018214403 0.00132447297227 0.053889434312
1 45 -36.9748682934 0.00634761734906 0.0432387107361
0 93 -26.9022098997 0.00132800155863 0.0538082852123
0 94 -15.9016446832 0.00130700664381 0.0536018635395
1 46 -14.7222043259 0.00634553358454 0.0432431410302
0 95 -4.89610222252 0.00130992920356 0.0535175390405
0 96 6.11279806196 0.00128875691412 0.0532680289028
1 47 7.52947206242 0.00634318079207 0.0432487523772
0 97 17.1205177083 0.00129129235299 0.0531830193902
0 98 28.1341232456 0.00127143813753 0.0529018166956
1 48 29.7807160251 0.00634073128355 0.0432551617759
0 99 39.1398046823 0.00127366587656 0.0528179422738
0 100 50.153889044 0.0012567476039 0.0525186617632
1 49 52.0321699156 0.00633837357166 0.0432618778531
0 101 61.15320574 0.00125868196941 0.0524372339392
0 102 72.1632387455 0.0012463392545 0.052136267647
1 50 74.2845158424 0.00633630429618 0.0432682894799
0 103 83.1521814992 0.00124789640506 0.052057846792
0 104 94.1537104538 0.00124125355207 0.0517728148217
1 51 96.5384193955 0.00633470460183 0.0432737219899
0 105 105.129050065 0.00124246807666 0.0516986095977
0 106 116.118135862 0.00124174701087 0.0514471622622
1 52 118.794454774 0.00633369907404 0.0432775252796
0 107 127.077969623 0.00124265689143 0.0513786578453
0 108 138.051750411 0.00124683180296 0.0511756739462
1 53 141.053015493 0.006333304521 0.04327929969
0 109 148.995906735 0.0012474134759 0.0511142044263
0 110 159.953176292 0.00125426385623 0.0509681867268
1 54 163.314228052 0.00633341310694 0.0432790181955
0 111 170.883222105 0.00125453553695 0.0509152338664
0 112 181.824720074 0.00126134947054 0.0508268973249
1 55 185.577915461 0.00633382398494 0.0432770841235
0 113 192.743586856 0.00126132671996 0.0507840623328
0 114 203.671758489 0.00126584576379 0.0507479665994
1 56 207.843635234 0.0063343106981 0.0432742274926
0 115 214.583079776 0.00126555054823 0.0507166815678
0 116 225.501458314 0.00126645877118 0.0507241340059
1 57 230.110779269 0.00633468300606 0.0432712927004
0 117 236.408901655 0.00126591042481 0.0507056234462
0 118 247.321334673 0.0012628892099 0.0507473633832
1 58 252.37869326 0.0063348187395 0.0432689753992
0 119 258.228080395 0.00126212553259 0.0507425328697
0 120 269.138127095 0.00125556339635 0.0508103347876
1 59 274.646774209 0.00633467166433 0.0432677149736
0 121 280.046605835 0.0012546108328 0.0508196493559
0 122 290.957147954 0.00124530823092 0.0509068822157
1 60 296.914533308 0.00633425852524 0.0432676488288
0 123 301.868973997 0.00124419798047 0.0509303849367
0 124 312.782116855 0.00123310719885 0.0510318933518
1 61 319.181620479 0.00633364076223 0.0432686639301
0 125 323.698156038 0.00123186658945 0.0510692057604
0 126 334.615249503 0.0012199518812 0.0511810167666
1 62 341.447817381 0.00633290504661 0.0432704084013
0 127 345.535808909 0.00121859409435 0.0512313137553
0 128 356.457615816 0.00120675255212 0.0513502582898
1 63 363.713015614 0.00633214905173 0.043272476992
0 129 367.382626151 0.001205284686 0.0514125090192
0 130 378.309495024 0.00119430100397 0.0515356851975
1 64 385.977184949 0.00633146832047 0.0432744441234
0 131 389.238711067 0.00119269721318 0.0516082866734
0 132 400.17078108 0.00118324000059 0.0517330892136
1 65 408.240341971 0.00633094625953 0.0432759087797
0 133 411.103970764 0.00118147703873 0.0518146327413
0 134 422.041309633 0.00117404813392 0.0519378008208
1 66 430.50251882 0.00633064671502 0.0432765547155
0 135 432.97835792 0.00117202563857 0.0520259274434
0 136 443.92112193 0.00116700003835 0.0521443692659
1 67 452.763743069 0.00633060594935 0.0432761746832
0 137 454.862172749 0.00116465284187 0.0522373528778
0 138 465.810622069 0.00116214060675 0.0523464691576
1 68 475.024023101 0.00633082611708 0.0432746900878
0 139 476.756049798 0.00115924670476 0.0524410940067
0 140 487.710626464 0.00115924433337 0.052536775012
1 69 497.283342967 0.00633127072759 0.0432721511276
0 141 498.661079364 0.00115564441195 0.0526303616746
0 142 509.622275944 0.00115777941064 0.0527069849857
1 70 519.54166725 0.00633186198683 0.0432687514743
0 143 520.578523496 0.00115311716615 0.052794933487
0 144 531.546833008 0.00115696430402 0.0528483363618
1 71 541.798956077 0.00633247626654 0.0432648887333
0 145 542.509652715 0.00115078444404 0.0529252925531
0 146 553.485356808 0.00115576321271 0.0529518596281
0 147 564.455347165 0.00114775251502 0.0530104164225
1 72 564.055187306 0.00633295447963 0.0432611186565
0 148 575.43832826 0.00115310471082 0.0530095592318
0 149 586.415681126 0.00114248651768 0.0530415971565
1 73 586.310380985 0.00633312210442 0.0432581725524
0 150 597.405282715 0.00114799061967 0.0530150230548
0 151 608.389657858 0.00113454163233 0.0530117514494
1 74 608.564623727 0.00633285500141 0.0432567325021
0 152 619.384533901 0.00113967269669 0.0529641294422
0 153 630.374914203 0.00112328782452 0.0529187187751
1 75 630.818091781 0.00633207961677 0.0432570036988
0 154 641.373045613 0.00112779867361 0.0528554603591
0 155 652.367755494 0.00110839177958 0.0527641403665
1 76 653.07106191 0.0063308028171 0.0432588403258
0 156 663.366477737 0.00111245562381 0.0526902725337
0 157 674.363226893 0.00109053050254 0.0525520123194
1 77 675.323907328 0.00632909093465 0.043262026976
0 158 685.359393847 0.00109417942005 0.0524723958573
0 159 696.3553518 0.00107112451357 0.0522915767019
1 78 697.577079168 0.00632705634742 0.0432662973135
0 160 707.345598201 0.00107402735862 0.0522085529581
0 161 718.337669784 0.00105122860959 0.0519925000962
1 79 719.831079487 0.00632486402145 0.0432712301445
0 162 729.318609623 0.00105360112874 0.051908903081
0 163 740.303612946 0.00103300308938 0.0516692402188
1 80 742.08642394 0.00632271764928 0.0432763607243
0 164 751.272293865 0.0010349208255 0.0515875499198
0 165 762.247227818 0.00101876676087 0.0513409988707
1 81 764.343591694 0.00632084823399 0.0432810464781
0 166 773.201625537 0.00102012193583 0.0512624420159
0 167 784.164115359 0.00100995631764 0.0510273188637
1 82 786.60295781 0.00631945568498 0.043284634353
0 168 795.103511873 0.00101084058321 0.050953710668
0 169 806.052241057 0.00100695997421 0.0507470856231
1 83 808.864716388 0.00631864178145 0.0432866394141
0 170 816.977517424 0.00100739863154 0.0506801724811
0 171 827.912588792 0.00100857503148 0.0505144984555
1 84 831.128819346 0.00631836814514 0.0432869329898
0 172 838.82611939 0.00100860327365 0.0504558026243
0 173 849.749193931 0.00101242971668 0.0503366145972
1 85 853.394962022 0.00631847186864 0.0432858081849
0 174 860.654414702 0.00101209051761 0.0502878203015
0 175 871.568414051 0.00101594469432 0.0502147185059
1 86 875.662627329 0.00631873238845 0.0432838531128
0 176 882.469202807 0.0010152994252 0.0501772948059
0 177 893.377775534 0.00101707266319 0.050146072991
1 87 897.93117745 0.00631894201766 0.0432817735863
0 178 904.277874844 0.00101616303343 0.0501212448927
0 179 915.184750333 0.00101464148738 0.0501262181353
1 88 920.199956464 0.00631895414039 0.0432802245251
0 180 926.087334047 0.00101351906777 0.0501148427665
0 181 936.995847534 0.00100831618429 0.0501502824681
1 89 942.468377709 0.00631869477181 0.0432795851149
0 182 947.903296134 0.00100703764182 0.0501528319563
0 183 958.816082637 0.000998401212142 0.0502137930646
1 90 964.73597338 0.0063181610366 0.0432799692988
0 184 969.729967019 0.00099700618413 0.0502302423621
0 185 980.648880113 0.00098557607593 0.0503125881963
1 91 987.002414678 0.00631740175111 0.0432812427595
0 186 991.570037852 0.000984109766869 0.0503425904644
0 187 1002.496207 0.000970728314712 0.0504428755555
1 92 1009.26750603 0.00631649705856 0.0432831252098
0 188 1013.42490827 0.000969214518989 0.0504856289228
0 189 1024.35886463 0.00095480226054 0.0506008651383
1 93 1031.53116076 0.00631554098281 0.0432852049528
0 190 1035.29499456 0.000953258466401 0.0506554444246
0 191 1046.23683784 0.000938725955017 0.0507827599214
1 94 1053.79337481 0.00631462769812 0.0432870998676
0 192 1057.18004282 0.000937142216668 0.05084780533
0 193 1068.12958958 0.000923332653159 0.0509843518289
1 95 1076.05419927 0.00631384138693 0.0432884813207
0 194 1079.07943235 0.000921695401715 0.0510586852584
0 195 1090.03632708 0.000909338285361 0.0512011173367
1 96 1098.31371837 0.00631324902556 0.0432890917449
0 196 1100.99234347 0.000907588092068 0.0512829802496
0 197 1111.95616285 0.000897284554877 0.0514279106761
1 97 1120.57203256 0.00631289610962 0.0432887686448
0 198 1122.91794463 0.000895371262513 0.0515160221053
0 199 1133.88820279 0.000887512610514 0.0516589638173
1 98 1142.82924915 0.00631280304874 0.0432874656586
0 200 1144.85537625 0.000885341742502 0.0517514952148
0 201 1155.83157049 0.000880162068702 0.0518880422006
1 99 1165.08548052 0.00631296260239 0.0432852292275
0 202 1166.80376801 0.000877565297526 0.0519828098628
0 203 1177.78533791 0.000875095131001 0.0521081309429
1 100 1187.34084565 0.00631333965616 0.0432821976412
0 204 1188.76219332 0.000871996694068 0.0522035876926
0 205 1199.74844251 0.000871958092046 0.0523119698245
1 101 1209.59547585 0.00631387557238 0.0432785436229
0 206 1210.72945424 0.000868119762222 0.0524050546167
0 207 1221.71955762 0.00087018766912 0.05249216063
1 102 1231.84952223 0.00631448391255 0.0432745729756
0 208 1232.70404906 0.000865234885419 0.0525793737322
0 209 1243.696962 0.000869011716756 0.0526412403249
1 103 1254.1031637 0.00631505711209 0.0432706421707
0 210 1254.68406348 0.000862881282543 0.0527185050488
0 211 1265.67843654 0.000867559803192 0.052752199895
0 212 1276.66696377 0.000859803296291 0.0528133106858
1 104 1276.35661243 0.00631547047399 0.0432671866907
0 213 1287.66119534 0.000864935352573 0.0528187303389
0 214 1298.64969406 0.000854906488885 0.0528568775162
1 105 1298.61011542 0.00631559379148 0.0432647417091
0 215 1309.6418796 0.000860237300231 0.0528352861984
0 216 1320.62864784 0.000847845113644 0.052841874057
1 106 1320.86395321 0.00631533490769 0.0432638008096
0 217 1331.61661942 0.00085271252293 0.0527976544631
0 218 1342.59974619 0.000837674644995 0.0527652753689
1 107 1343.11843616 0.00631461790071 0.0432644590929
0 219 1353.58118277 0.000841891810677 0.0527035278783
0 220 1364.55869227 0.00082403988323 0.052626751989
1 108 1365.37389702 0.00631345803399 0.043266477072
0 221 1375.53123389 0.000827735021329 0.0525533021832
0 222 1386.50116331 0.000807979593546 0.0524311603993
1 109 1387.63067475 0.00631193963925 0.0432694970082
0 223 1397.46270348 0.00081084637816 0.052351214239
0 224 1408.42332986 0.000790507571399 0.0521888863329
1 110 1409.88908556 0.00631021713186 0.0432730659693
0 225 1419.37226041 0.000792666166223 0.0521065111624
0 226 1430.32230528 0.000773746733014 0.0519146263916
1 111 1432.14938414 0.00630850026099 0.0432766626382
0 227 1441.25787279 0.000775275985996 0.0518335593392
0 228 1452.1966842 0.000760126747844 0.0516286680775
1 112 1454.41171832 0.00630701251615 0.043279754091
0 229 1463.11929516 0.000760983217377 0.0515507628142
0 230 1474.04713785 0.000751127719442 0.0513499451902
1 113 1476.67608374 0.00630592644556 0.043281876273
0 231 1484.95840853 0.000751433825376 0.0512777609288
0 232 1495.87653727 0.000747160165374 0.0510968534836
1 114 1498.94229218 0.00630530025231 0.0432828135045
0 233 1506.77920507 0.000746960765868 0.051032049045
0 234 1517.68988349 0.000747012741244 0.0508820797652
1 115 1521.20996931 0.0063050640702 0.043282658954
0 235 1528.58742692 0.000746378394328 0.0508265016098
0 236 1539.4936714 0.000748551325816 0.0507134522996
1 116 1543.47859483 0.00630505187968 0.043281802849
0 237 1550.38983255 0.000747566855913 0.0506686627398
0 238 1561.29503928 0.000749458430785 0.0505942563928
1 117 1565.74756738 0.00630507166319 0.0432807483081
0 239 1572.19336608 0.000748188990285 0.0505615142837
0 240 1583.10086178 0.000747851266118 0.0505247489493
1 118 1588.01628424 0.00630496081082 0.0432799701187
0 241 1594.00435733 0.000746362471162 0.0505049531273
0 242 1604.91704116 0.000742585140767 0.0505033976916
1 119 1610.28420939 0.00630461919105 0.0432798250563
0 243 1615.82796423 0.000740953612548 0.0504970386756
0 244 1626.74808267 0.000733274297961 0.0505277917669
1 120 1632.5509204 0.00630401137933 0.0432804200308
0 245 1637.66792278 0.000731554083693 0.0505348958398
0 246 1648.59698057 0.000720129230772 0.0505949210952
1 121 1654.81612519 0.00630315922879 0.043281661035
0 247 1659.5265174 0.000718375505685 0.0506151873967
0 248 1670.46532875 0.000703780622496 0.0507014728793
1 122 1677.07965924 0.00630212308497 0.0432833160922
0 249 1681.40475625 0.000702033772272 0.0507342040963
0 250 1692.35353243 0.000685102801671 0.0508437122277
1 123 1699.34146919 0.00630098281063 0.0432850991983
